fx: 800.0
fy: 800.0
cx: 320.0
cy: 240.0
k1: 0.0
k2: 0.0
p1: 0.0
p2: 0.0
